0.9794710438867361
0.22391468252808633
0.9073362607186767
0.086952143639342
0.36963635001587003
0.362242697949655
0.7617637701397959
0.564102328999551
0.2900071904870445
0.3161902072542083
0.454017047224034
0.6515763514198825
0.2827432318076649
0.3811417510504894
0.3344058049669657
0.783919782079804
0.9740143951489685
0.014221195290357036
0.5082475842977556
0.09617212175729661
0.12980345257048875
0.31593705450993026
0.02581890684062993
0.025291061913749746
0.5763730377605674
0.02332398735991692
0.7848253384577104
0.14238664448325367
0.9358135200958422
0.8327045191931416
0.17798232948368498
0.21817812043110396
0.8957485309183523
0.7417682568562516
0.060330188338038604
0.4233889765079275
0.18572870819131826
0.02993627870569371
0.5584832426756385
0.927161922003785
0.5862817151532298
0.6737538205132213
0.09754554769490098
0.35137351885203827
0.06808548322565333
0.8439215174959565
0.357725648658192
0.41951302573811045
0.734676448113465
0.5874112652359902
0.24826237936754747
0.04491292039883299
0.8284177373198464
0.12399863435796954
0.04928903494209824
0.6056289187297847
0.035718374448553414
0.8467310601422658
0.6462790969049277
0.09293291462695885
0.8463631424814254
0.46431305777039145
0.6343905932621621
0.139853762654373
0.924290010776093
0.013663232497615807
0.13503185900528525
0.34534545697354824
0.3976696440683063
0.8020983512749698
0.330397036078137
0.28292338359909897
0.06315994154427829
0.021444047599708527
0.6639007403907392
0.6690249903341845
0.9279687380093987
0.24653925850730984
0.28723320212949977
0.6786368269784205
0.3623504120336406
0.4775322047353219
0.9630387296794309
0.025667636022871032
0.3028957453130895
0.736951655143673
0.3349431186459677
0.9130515661993155
0.9358196216727035
0.9084119781568752
0.2195636277943661
0.9763496534377243
0.9256363393355055
0.44885326593392305
0.36390110132763964
0.5602298962739866
0.03480398812225416
0.9675818656901919
0.8747194067828349
0.41270815632985347
